1 2
1 5
1 6
1 50
1 51
2 6
2 39
2 40
2 50
2 70
2 72
2 108
3 4
3 5
3 8
3 9
3 12
3 16
3 42
4 8
4 12
4 90
5 6
5 7
5 9
5 11
5 12
5 16
5 19
6 7
6 9
6 11
6 12
6 14
7 21
7 22
7 37
7 48
7 51
8 9
8 10
8 11
8 12
8 13
8 14
8 15
8 16
8 23
8 48
9 10
9 11
9 12
9 13
9 14
9 15
9 16
9 19
9 26
9 39
10 11
10 12
10 13
10 14
10 15
10 16
10 23
10 26
11 12
11 13
11 14
11 15
11 16
11 23
11 26
11 32
11 48
12 13
12 14
12 16
12 17
12 20
12 23
12 26
12 36
13 14
13 15
13 16
13 18
13 23
13 26
13 35
13 49
14 15
14 16
14 19
14 23
15 16
16 17
16 19
16 23
16 33
16 35
16 36
17 18
17 19
17 20
17 23
18 19
18 20
19 20
19 38
19 42
19 74
19 75
19 76
19 77
21 22
24 25
24 47
24 71
24 73
25 30
25 32
26 32
27 28
27 29
27 30
27 41
27 44
28 29
28 30
28 41
28 42
28 44
28 47
28 52
29 30
29 44
30 32
31 32
31 50
32 41
32 44
32 50
32 51
33 34
33 35
33 36
33 37
33 63
33 69
34 35
34 36
35 36
35 51
36 44
36 51
36 66
37 38
37 39
37 40
37 41
37 42
37 43
37 44
37 48
37 49
37 50
37 51
37 62
37 65
37 71
37 100
38 39
38 40
38 42
38 45
38 51
38 72
38 74
38 78
38 95
38 100
38 109
39 40
39 41
39 42
39 43
39 45
39 47
39 48
39 58
39 64
39 65
39 70
40 51
40 52
40 84
40 85
41 42
41 43
41 44
41 45
41 51
41 52
41 54
41 55
41 57
41 71
41 77
41 92
42 43
42 44
42 45
42 51
42 54
42 56
42 58
42 60
42 62
42 67
42 71
42 72
42 73
42 74
42 77
42 88
42 93
42 100
42 105
43 44
43 45
43 54
43 88
43 93
43 105
44 45
44 69
44 71
44 73
44 75
44 77
44 78
44 87
44 92
45 51
45 74
46 47
46 50
46 54
47 50
47 51
47 55
47 70
47 73
47 75
47 78
48 49
48 50
48 51
48 80
48 81
49 51
49 78
50 51
50 58
50 74
50 75
50 117
50 123
50 126
50 133
50 136
50 142
50 143
50 144
50 165
50 168
50 169
50 171
50 172
50 173
50 174
50 175
50 176
50 177
50 178
50 179
50 188
51 52
51 57
51 64
51 65
51 66
51 67
51 71
51 72
51 74
51 100
51 112
51 117
51 125
51 127
51 133
51 136
51 141
51 142
51 143
51 144
51 154
51 164
51 165
51 168
51 173
51 176
51 178
51 183
51 187
51 188
51 190
51 191
51 205
51 223
51 240
53 54
53 55
54 55
54 64
54 74
55 63
55 64
55 74
55 75
56 57
56 58
56 74
56 75
56 78
56 81
56 112
56 113
56 125
56 144
57 58
57 70
57 115
58 78
58 113
58 124
58 132
58 144
58 171
58 172
58 190
59 60
59 61
59 62
59 63
59 76
60 61
60 62
60 63
60 65
60 78
61 62
61 63
61 70
62 63
63 70
63 75
64 65
64 69
64 110
64 112
64 113
66 67
66 68
66 72
66 74
66 100
66 146
66 152
66 161
66 168
67 68
67 74
67 76
67 77
67 170
67 181
67 208
67 210
67 211
68 80
69 80
69 81
70 71
70 72
70 73
70 74
70 78
70 87
70 88
70 106
71 72
71 73
71 74
71 84
71 85
71 87
71 88
71 97
71 105
72 73
72 74
72 78
72 122
73 87
73 115
73 122
73 128
74 75
74 76
74 77
74 78
74 81
74 86
74 87
74 102
74 105
75 76
75 77
75 78
75 81
75 94
75 95
76 77
76 78
76 81
76 85
77 78
77 81
78 81
78 87
79 80
80 81
81 82
81 83
81 87
81 88
81 119
82 83
83 87
84 85
84 87
84 95
84 100
84 112
84 140
84 142
84 144
85 100
85 140
85 141
85 150
85 153
85 158
85 160
85 161
85 162
85 167
86 87
86 88
86 89
86 91
86 103
87 88
87 89
87 94
87 95
87 103
87 110
87 116
87 117
87 118
87 133
88 89
88 91
88 95
88 105
88 121
88 142
88 144
89 103
90 91
90 93
90 96
90 97
90 99
90 100
90 101
90 102
90 103
90 104
90 106
90 108
90 109
90 111
91 93
91 94
91 95
91 96
91 97
91 98
91 99
91 100
91 101
91 102
91 103
91 104
91 105
91 108
91 110
91 118
91 122
91 125
93 94
93 95
93 96
93 97
93 99
93 100
93 101
93 102
93 103
93 104
93 105
93 106
93 107
93 108
93 109
93 110
93 118
93 131
94 95
94 96
94 97
94 99
94 100
94 101
94 102
94 103
94 104
94 105
94 107
94 108
94 109
94 110
94 112
94 146
95 96
95 97
95 100
95 101
95 102
95 103
95 104
95 105
95 106
95 108
95 109
95 110
95 112
95 114
95 115
95 122
95 147
96 97
96 99
96 100
96 102
96 103
96 104
96 105
96 107
96 109
96 126
97 99
97 100
97 101
97 103
97 104
97 105
97 106
97 108
97 109
97 110
99 103
99 104
99 105
99 106
99 107
99 109
99 110
99 123
100 101
100 102
100 103
100 104
100 105
100 106
100 108
100 109
100 110
100 111
100 116
100 120
100 122
100 133
100 134
101 102
101 103
101 105
101 109
101 110
101 113
102 103
102 105
102 106
102 107
102 108
102 110
102 133
103 104
103 105
103 106
103 107
103 108
103 109
103 110
103 111
103 113
103 122
103 123
103 128
104 105
104 106
104 107
104 109
104 110
104 122
104 145
105 106
105 109
105 110
105 113
105 122
105 147
106 107
106 109
106 110
106 116
107 108
107 109
107 110
107 136
108 109
108 111
108 122
108 124
109 110
109 111
109 120
109 122
109 133
110 131
110 140
111 112
112 113
112 114
112 115
112 120
112 122
112 124
112 125
112 129
112 130
112 132
112 140
112 167
112 168
112 171
112 172
112 177
112 187
112 188
112 190
113 114
113 115
113 120
113 122
113 124
113 125
113 132
113 133
113 134
113 168
113 169
113 171
113 172
113 175
113 187
113 188
114 115
114 146
115 127
115 132
115 136
115 146
115 171
115 177
115 183
115 188
115 190
116 121
116 129
116 136
116 138
117 118
117 121
117 122
117 124
117 126
117 127
117 131
117 132
117 147
117 148
117 164
117 168
117 169
117 171
117 178
117 182
117 187
117 188
117 214
117 226
117 233
118 120
118 121
118 122
118 123
118 124
118 125
118 126
118 127
118 128
118 129
118 130
118 132
118 133
118 134
118 136
118 144
118 146
120 121
120 122
120 123
120 124
120 125
120 126
120 127
120 128
120 129
120 130
120 133
120 134
120 140
120 141
120 163
120 166
120 168
121 122
121 123
121 124
121 125
121 127
121 129
121 130
121 131
121 132
121 134
121 140
121 142
121 144
121 145
122 123
122 124
122 125
122 126
122 127
122 128
122 129
122 130
122 131
122 132
122 133
122 134
122 144
122 156
122 161
122 168
123 124
123 125
123 126
123 127
123 128
123 129
123 131
123 132
123 134
123 140
123 146
123 160
124 125
124 126
124 127
124 129
124 130
124 131
124 132
124 133
124 144
124 149
125 126
125 127
125 128
125 129
125 130
125 133
125 144
125 146
125 214
125 215
126 127
126 128
126 129
126 130
126 131
126 133
126 134
126 143
126 146
126 167
127 128
127 129
127 130
127 131
127 132
127 133
128 129
128 130
128 133
128 134
128 136
128 146
129 130
129 133
129 134
129 144
129 146
130 132
130 134
131 132
132 133
132 134
132 135
132 140
132 168
132 188
132 189
132 190
132 222
132 228
132 230
132 246
133 134
133 168
134 143
134 171
134 208
137 138
137 144
137 145
137 166
138 142
138 144
138 145
138 146
139 140
139 141
139 142
139 145
140 141
140 142
140 144
140 145
140 146
140 187
140 190
141 142
141 144
141 166
142 143
142 146
142 147
142 166
143 144
143 146
143 168
144 146
144 147
144 168
145 146
146 147
146 165
147 161
147 192
147 215
147 218
147 222
147 225
147 235
148 149
148 150
148 151
148 152
148 153
148 154
148 155
148 156
148 157
148 158
148 159
148 160
148 161
148 162
148 164
148 165
148 169
148 170
148 171
148 173
148 174
148 175
148 177
148 178
148 179
148 181
148 182
148 183
148 188
148 219
149 150
149 151
149 152
149 153
149 154
149 155
149 156
149 157
149 158
149 160
149 161
149 164
149 165
149 166
149 167
149 171
149 172
150 151
150 152
150 153
150 154
150 155
150 156
150 158
150 159
150 160
150 161
150 164
151 152
151 154
151 155
151 157
151 160
151 161
151 165
151 177
151 183
151 204
152 153
152 154
152 155
152 156
152 157
152 158
152 159
152 160
152 161
152 162
152 164
152 165
153 154
153 155
153 156
153 158
153 159
153 160
153 161
153 162
153 164
153 165
153 177
153 181
154 155
154 156
154 157
154 158
154 159
154 160
154 161
154 162
154 164
154 165
154 169
154 175
154 177
154 179
154 183
154 193
155 156
155 157
155 158
155 159
155 160
155 161
155 162
155 165
155 181
156 158
156 159
156 160
156 161
156 162
156 164
156 165
156 177
156 179
156 181
156 183
156 219
156 224
157 158
157 159
157 160
157 161
157 162
157 165
157 169
157 170
157 173
157 174
157 199
158 159
158 160
158 161
158 162
158 164
158 165
158 181
159 160
159 161
159 162
159 164
160 161
160 162
160 164
160 181
161 162
161 163
161 164
161 165
161 169
161 173
161 174
161 175
161 178
161 181
161 183
161 188
161 192
161 212
161 214
161 215
161 218
162 164
162 165
162 181
163 176
163 191
163 192
163 193
163 194
163 198
163 199
163 202
163 206
163 215
163 244
163 247
164 165
164 166
164 174
164 178
164 181
164 182
164 183
164 184
165 171
165 173
165 174
165 177
165 181
165 183
165 207
165 219
166 174
166 188
166 190
166 207
166 255
167 168
167 172
167 187
167 190
168 187
168 190
169 170
169 171
169 172
169 173
169 174
169 175
169 176
169 177
169 179
169 180
169 181
169 182
169 183
169 184
169 185
170 171
170 173
170 174
170 175
170 176
170 177
170 178
170 179
170 180
170 181
170 182
170 183
171 172
171 173
171 174
171 175
171 177
171 179
171 181
171 184
171 212
171 214
171 218
171 223
171 224
171 228
171 233
171 238
172 173
172 175
172 177
172 203
172 215
172 233
173 174
173 175
173 176
173 177
173 178
173 179
173 181
173 182
173 183
173 184
173 185
173 235
174 175
174 176
174 177
174 178
174 179
174 181
174 182
174 183
174 184
174 185
174 224
175 176
175 177
175 178
175 179
175 181
175 183
175 184
175 206
175 219
176 177
176 178
176 179
176 180
176 181
176 182
176 183
176 184
176 193
176 219
177 178
177 179
177 181
177 182
177 183
177 184
178 179
178 180
178 181
178 183
178 184
178 185
179 180
179 181
179 182
179 183
179 185
179 232
179 251
179 253
179 254
179 255
180 181
180 183
180 184
180 206
181 182
181 183
181 184
181 185
181 187
181 198
181 199
181 200
181 202
181 207
181 208
182 183
182 206
183 184
183 211
183 219
186 187
187 190
187 243
187 245
188 189
188 190
188 214
188 215
188 222
188 230
188 259
188 264
188 265
188 270
188 271
188 272
188 283
188 284
188 286
188 287
188 298
188 300
188 308
188 309
190 228
190 242
191 192
191 193
191 194
191 215
191 217
192 193
192 194
192 202
192 212
192 213
192 217
192 247
192 252
192 259
193 194
193 198
193 199
193 201
193 202
193 214
193 244
193 312
194 200
194 204
194 207
194 219
194 244
194 247
195 196
195 197
195 198
195 199
195 200
195 202
195 204
195 205
195 206
195 207
195 210
195 215
195 216
195 218
195 219
195 226
195 229
195 231
195 235
195 236
195 237
195 238
195 241
195 248
195 257
195 258
195 259
195 260
195 261
195 262
195 263
195 264
195 265
195 266
195 267
195 277
195 278
195 283
195 287
195 291
195 292
195 299
195 323
196 197
196 198
196 199
196 200
196 201
196 202
196 204
196 205
196 206
196 207
196 209
196 215
196 219
196 227
196 229
196 231
196 232
196 236
196 237
196 239
196 241
197 198
197 199
197 200
197 201
197 202
197 204
197 205
197 206
197 207
197 216
197 219
197 227
197 229
197 231
197 232
197 233
197 235
197 236
197 238
197 239
197 240
197 241
197 248
198 199
198 200
198 201
198 202
198 204
198 205
198 206
198 207
198 219
198 222
198 227
198 231
198 232
198 236
198 237
198 238
198 239
198 240
198 241
198 248
199 200
199 201
199 202
199 204
199 205
199 206
199 207
199 218
199 219
199 227
199 228
199 229
199 231
199 235
199 236
199 237
199 238
199 239
199 240
199 255
200 201
200 202
200 204
200 205
200 206
200 207
200 219
200 231
200 233
200 240
200 244
201 202
201 204
201 206
201 207
201 219
201 229
201 235
201 240
201 241
202 204
202 205
202 206
202 207
202 209
202 211
202 213
202 215
202 219
202 232
202 237
202 238
202 240
204 205
204 207
204 219
204 227
204 228
204 230
204 231
204 247
205 206
205 207
205 209
205 219
205 239
206 207
206 210
206 214
206 215
206 219
206 231
206 237
206 238
206 239
206 240
207 214
207 219
207 226
207 231
207 232
207 233
207 235
207 238
207 239
207 241
208 209
208 210
208 211
208 212
208 213
208 214
208 215
208 218
208 227
208 242
208 243
209 210
209 211
209 212
209 213
209 227
209 242
209 243
209 247
209 250
209 252
210 211
210 212
210 213
210 214
210 218
210 219
210 229
210 230
210 242
210 243
210 247
211 212
211 213
211 215
211 227
211 242
211 243
212 213
212 231
212 242
212 243
212 244
213 219
213 230
213 242
213 243
214 215
214 217
214 218
214 224
215 217
215 218
215 219
215 220
215 244
216 240
216 257
216 258
216 259
216 260
216 261
216 262
216 264
216 265
216 281
216 288
217 218
217 221
217 244
218 219
218 221
218 229
218 245
219 222
219 227
219 229
219 230
219 231
219 232
219 236
219 238
219 240
219 241
219 251
220 221
221 223
221 230
221 235
221 242
221 249
221 268
221 270
222 244
222 255
223 224
223 228
223 233
223 237
223 240
223 243
224 228
224 230
224 237
224 240
225 226
225 227
225 228
225 229
225 230
225 233
225 234
225 235
225 236
225 237
225 238
225 239
225 240
225 241
226 227
226 228
226 229
226 230
226 231
226 232
226 233
226 235
226 237
226 238
226 239
226 241
227 228
227 229
227 231
227 232
227 233
227 235
227 236
227 237
227 238
227 239
227 240
227 241
228 229
228 230
228 272
228 319
228 321
228 331
228 343
229 230
229 231
229 232
229 233
229 234
229 235
229 236
229 237
229 238
229 239
229 240
229 241
229 250
230 239
230 242
230 245
230 260
230 270
230 272
230 331
230 334
230 335
230 336
230 353
230 360
230 361
230 362
231 232
231 233
231 234
231 235
231 236
231 237
231 238
231 239
231 240
231 241
231 244
232 233
232 234
232 235
232 236
232 237
232 238
232 239
232 240
232 241
232 245
232 251
232 255
233 235
233 236
233 237
233 238
233 239
233 240
233 247
233 248
234 235
234 236
234 237
234 238
234 239
234 240
235 237
235 238
235 239
235 240
235 241
235 244
235 247
235 257
235 258
235 259
235 260
235 261
235 262
235 263
235 264
235 265
235 266
235 270
235 287
235 288
235 291
235 292
235 294
235 296
235 299
235 313
235 314
236 237
236 238
236 239
236 240
237 238
237 239
237 240
237 241
237 248
237 250
238 239
238 240
239 240
239 241
240 241
240 244
240 246
242 243
242 244
242 245
243 249
244 247
244 248
244 252
244 255
244 264
245 250
245 252
245 255
247 248
247 250
247 252
247 287
248 277
249 250
249 252
249 256
249 257
249 294
249 302
250 252
250 257
251 253
251 254
252 256
252 257
253 254
255 265
257 258
257 259
257 260
257 261
257 262
257 263
257 264
257 265
257 266
257 267
257 281
257 282
257 287
257 288
257 291
257 292
257 295
257 296
257 297
257 300
257 312
257 314
258 259
258 260
258 261
258 262
258 263
258 264
258 265
258 266
258 267
258 268
258 281
258 282
258 283
258 284
258 288
258 292
258 294
258 298
258 299
258 314
259 260
259 261
259 262
259 263
259 264
259 265
259 266
259 267
259 281
259 285
259 292
259 293
259 294
259 295
259 296
259 297
259 299
259 314
260 261
260 262
260 263
260 264
260 265
260 266
260 267
260 277
260 282
260 283
260 285
260 287
260 292
260 293
260 294
260 295
260 297
260 299
261 262
261 263
261 264
261 265
261 266
261 267
261 268
261 270
261 281
261 288
261 290
261 291
261 293
261 294
261 296
261 297
261 298
261 299
261 300
261 315
262 263
262 264
262 265
262 266
262 267
262 282
262 283
262 284
262 288
262 293
262 295
262 299
262 300
262 301
262 314
263 264
263 265
263 266
263 267
263 272
263 287
263 288
263 291
263 292
263 297
263 300
263 305
263 307
264 265
264 266
264 267
264 272
264 278
264 281
264 282
264 292
264 295
264 296
264 298
264 299
264 300
264 301
264 308
264 309
265 266
265 267
265 274
265 281
265 283
265 288
265 291
265 292
265 293
265 294
265 296
265 298
265 299
265 301
265 307
265 308
265 312
265 314
265 321
265 326
265 327
266 267
266 288
266 293
266 294
266 296
266 297
267 282
267 292
267 294
267 297
267 298
267 299
268 269
268 270
268 271
268 288
268 292
269 270
269 271
270 271
270 277
270 292
270 294
272 285
272 290
272 291
272 294
272 297
272 305
272 306
272 307
272 312
272 314
272 318
272 319
272 321
272 324
272 327
272 328
272 331
272 333
272 336
272 338
272 339
272 340
272 341
272 345
272 346
272 347
272 348
272 351
272 354
272 355
272 356
272 357
272 358
272 359
272 365
272 369
272 371
272 373
272 376
272 377
272 379
272 385
273 274
273 275
273 278
273 286
273 315
274 275
274 278
274 309
275 278
275 286
275 301
275 308
276 277
276 278
276 286
277 278
277 286
277 308
278 286
278 303
278 309
278 315
279 280
279 295
279 300
279 308
279 317
280 281
280 284
280 293
280 294
280 297
280 308
280 317
280 321
281 282
281 283
281 284
281 285
281 287
281 288
281 291
281 292
281 293
281 294
281 295
281 296
281 298
281 299
281 301
281 314
282 283
282 284
282 285
282 287
282 288
282 291
282 292
282 293
282 294
282 295
282 296
282 297
282 298
282 299
282 300
282 301
282 314
283 284
283 285
283 287
283 288
283 291
283 292
283 293
283 294
283 295
283 296
283 297
283 298
283 299
283 301
283 314
283 324
284 285
284 287
284 288
284 291
284 292
284 293
284 294
284 295
284 296
284 297
284 298
284 299
284 300
284 301
284 305
284 314
285 287
285 288
285 291
285 292
285 293
285 294
285 295
285 296
285 297
285 298
285 299
285 300
285 301
285 309
286 315
287 288
287 291
287 292
287 293
287 294
287 295
287 296
287 297
287 298
287 299
287 300
287 301
287 304
287 314
288 291
288 292
288 293
288 294
288 295
288 296
288 297
288 298
288 299
288 300
288 301
288 303
288 304
288 305
288 314
289 290
289 301
291 292
291 293
291 294
291 295
291 296
291 297
291 298
291 299
291 300
291 301
291 314
291 323
292 293
292 294
292 295
292 296
292 297
292 298
292 299
292 300
292 301
292 307
292 312
292 314
292 324
293 294
293 295
293 296
293 297
293 298
293 299
293 300
293 301
293 305
293 309
293 314
294 295
294 296
294 297
294 298
294 299
294 300
294 301
294 302
294 314
295 296
295 297
295 298
295 299
295 301
295 302
295 314
296 297
296 298
296 299
296 300
296 301
296 312
296 314
297 298
297 299
297 300
297 307
297 312
297 314
298 299
298 300
298 301
298 314
298 318
299 300
299 301
299 312
299 314
302 303
302 311
302 336
302 370
303 311
304 305
304 306
304 307
304 308
304 309
304 312
304 325
305 306
305 307
305 308
305 309
305 310
305 312
305 325
306 307
306 308
306 309
306 310
306 312
306 320
306 321
306 324
307 308
307 309
307 310
307 312
307 319
307 323
307 325
308 309
308 312
308 317
308 318
309 312
309 314
309 324
310 312
310 325
312 323
312 325
315 316
315 317
315 318
315 325
316 317
316 318
317 319
317 325
318 328
318 329
318 341
318 346
318 353
318 371
318 376
318 377
318 378
318 379
318 380
318 381
318 382
318 383
318 384
318 386
318 389
319 320
319 321
319 322
319 325
320 321
320 322
321 322
324 325
326 327
326 330
326 331
326 334
326 354
326 372
326 373
327 330
327 331
327 332
327 333
327 337
327 338
327 366
327 368
327 369
327 371
328 329
328 339
328 348
328 376
328 377
328 378
328 379
328 380
328 381
328 382
328 383
328 384
328 386
329 340
329 341
329 359
329 366
329 376
329 377
329 378
329 379
329 380
329 381
329 382
329 384
330 331
330 332
330 333
330 334
330 338
330 349
330 361
330 363
330 372
330 373
331 332
331 333
331 334
331 341
331 350
332 333
332 334
332 336
332 351
332 356
332 357
332 358
332 361
332 373
333 334
333 335
333 338
333 340
333 344
333 350
333 361
333 363
333 372
333 373
334 338
334 340
334 360
334 361
334 362
335 336
335 337
335 338
335 342
335 356
335 361
335 362
335 367
335 374
335 375
335 386
335 387
335 389
335 395
335 399
335 400
335 404
336 338
336 367
337 338
337 355
337 359
339 340
339 341
339 342
339 343
339 344
339 345
339 346
339 349
339 350
339 356
339 359
339 367
340 341
340 342
340 343
340 345
340 348
340 349
340 350
340 353
340 359
340 365
340 367
340 372
341 342
341 343
341 344
341 345
341 349
341 350
341 354
341 355
341 367
341 368
341 372
341 377
341 379
341 382
342 343
342 349
342 350
343 344
343 350
344 351
344 355
344 367
344 368
344 402
345 346
345 347
345 348
345 351
345 352
345 354
345 355
345 356
345 357
345 358
345 359
345 364
345 365
345 374
345 385
345 386
345 387
345 388
345 391
345 394
345 400
346 347
346 348
346 356
346 357
346 358
346 359
346 369
346 371
346 378
346 385
346 386
346 394
347 348
347 351
347 354
347 355
347 356
347 357
347 358
347 359
347 364
347 365
347 366
348 351
348 352
348 354
348 355
348 356
348 357
348 358
348 359
348 361
348 364
348 365
348 368
348 371
349 367
349 368
351 352
351 354
351 355
351 356
351 357
351 358
351 359
351 365
352 355
352 356
352 357
352 358
352 359
352 364
353 356
353 359
353 360
353 361
353 362
353 363
353 367
353 368
353 371
354 355
354 356
354 357
354 358
354 359
354 363
354 364
354 365
354 369
355 356
355 357
355 358
355 359
355 365
356 357
356 358
356 359
356 361
356 365
356 366
356 369
357 358
357 359
357 364
358 359
358 363
358 365
359 362
359 363
359 364
359 365
359 369
359 374
359 376
359 379
359 380
359 385
360 361
360 362
360 363
361 362
361 363
361 367
362 363
363 367
366 367
366 371
367 378
367 386
367 388
367 392
367 396
367 400
367 406
367 407
367 408
369 371
369 376
371 378
371 384
371 388
371 393
371 402
371 403
371 407
372 373
372 376
372 400
373 374
373 400
374 375
374 379
374 380
374 381
374 386
374 388
374 389
374 399
374 403
374 408
375 377
375 379
375 380
375 385
375 389
375 399
375 400
376 377
376 378
376 379
376 380
376 381
376 382
376 383
376 384
376 386
377 378
377 379
377 380
377 381
377 382
377 383
377 384
378 379
378 380
378 381
378 382
378 383
378 384
378 386
378 387
378 389
378 393
379 380
379 381
379 382
379 384
379 386
380 381
380 382
380 383
380 384
381 382
381 383
381 384
382 384
383 384
384 389
385 386
385 389
385 391
385 394
385 400
386 387
386 389
386 393
386 395
386 400
387 389
387 395
387 400
387 404
387 410
389 390
389 392
389 393
389 399
389 400
389 403
389 404
389 407
389 408
389 409
389 410
391 394
393 395
393 399
393 402
396 408
397 398
397 399
397 400
397 405
399 400
399 402
399 403
399 404
399 407
399 408
400 401
400 404
400 408
400 409
400 410
401 406
401 408
402 403
402 405
403 404
403 406
403 407
404 405
404 407
404 408
404 410
405 406
406 407
407 408
