0 1
1 27
2 161
2 3
2 4
2 48
2 179
2 20
2 181
2 22
2 159
3 161
3 4
3 5
3 181
3 23
4 19
4 6
4 8
4 9
4 10
4 11
4 146
4 99
4 20
4 85
4 22
4 125
5 6
5 7
5 8
5 11
5 40
5 18
5 19
5 20
5 21
5 23
5 27
5 29
6 8
6 9
6 10
6 11
6 20
6 21
7 9
7 10
7 20
7 21
7 22
7 23
8 9
8 10
9 10
9 11
9 20
10 11
11 19
12 144
12 13
12 14
13 68
13 170
13 89
15 40
15 16
15 185
15 186
15 155
15 156
16 64
16 66
16 123
16 124
17 18
17 50
17 70
17 127
18 19
18 51
18 81
19 132
19 25
19 60
20 40
20 46
20 49
20 21
20 22
20 41
20 88
20 28
20 29
21 40
21 46
21 28
22 23
22 28
22 125
24 117
24 157
25 117
25 157
26 32
26 34
26 36
26 42
26 53
26 54
26 28
26 158
27 35
27 43
27 45
27 175
27 53
27 54
27 31
27 29
27 30
27 37
28 32
28 36
28 40
28 41
28 44
28 46
28 29
28 30
28 31
29 33
29 36
29 45
30 40
30 31
31 40
31 63
32 36
32 38
32 199
32 150
32 189
33 37
33 38
33 39
33 199
33 156
34 131
34 196
34 199
34 35
34 36
34 125
35 36
36 38
36 147
36 185
37 147
37 38
37 39
38 99
38 39
38 189
38 143
38 113
38 181
38 150
38 88
38 155
38 124
38 61
38 133
40 103
40 41
40 119
40 127
41 103
42 96
42 43
42 44
42 46
42 48
42 50
42 88
42 189
43 88
43 45
44 45
45 47
46 195
46 47
48 192
48 49
48 50
48 51
48 55
48 56
49 56
49 50
49 51
50 199
50 51
50 55
52 56
52 96
52 55
52 63
53 88
53 157
53 54
54 157
55 75
56 62
57 88
57 111
57 127
57 199
58 96
58 59
58 199
58 138
58 123
58 95
59 88
59 127
60 198
60 199
62 137
62 133
62 166
63 67
63 68
63 69
63 199
63 138
63 75
64 66
64 187
64 188
64 199
65 163
65 68
65 187
65 103
66 93
66 85
66 187
66 189
67 68
67 77
68 69
68 75
69 154
69 191
70 99
70 165
70 81
70 71
70 72
70 199
70 109
70 88
71 72
73 176
73 74
73 75
73 109
74 75
74 76
74 94
74 108
75 76
75 111
75 112
75 83
75 88
75 95
75 94
76 112
76 161
76 163
77 193
77 78
77 79
77 80
77 81
77 83
77 159
78 193
78 84
79 193
79 133
79 137
79 80
79 88
79 95
80 84
81 192
81 101
81 82
81 141
81 83
81 88
82 84
82 85
83 101
83 111
83 115
83 84
84 102
84 115
84 85
85 99
85 101
85 178
86 87
86 101
86 141
87 99
87 100
87 133
87 102
87 141
87 110
87 117
87 127
87 101
88 133
88 141
88 143
88 150
88 157
88 163
88 175
88 179
88 181
88 183
88 184
88 199
88 95
88 99
88 101
88 102
88 108
89 90
89 179
89 110
90 91
90 99
92 193
92 99
92 199
92 93
92 143
92 125
93 126
93 199
94 115
94 121
94 126
95 96
95 171
95 132
95 199
95 170
95 172
95 173
95 110
95 174
95 182
97 153
97 107
97 101
98 128
98 126
99 103
99 138
99 100
99 125
100 128
100 165
100 103
100 126
100 101
101 102
101 104
101 105
101 107
101 141
101 126
102 130
102 104
102 151
102 108
102 142
103 199
103 107
103 108
103 104
103 123
103 125
103 127
104 199
104 107
104 126
105 128
105 129
105 130
105 111
105 112
105 179
105 117
105 118
105 119
105 124
105 127
106 128
106 111
106 112
106 117
106 118
106 119
106 122
106 126
106 127
107 129
107 108
107 113
107 117
107 150
107 119
107 125
107 199
108 137
108 118
108 119
109 113
109 127
111 143
111 150
111 121
112 130
112 171
112 115
112 120
112 122
112 126
113 199
113 172
113 170
113 171
113 140
113 174
113 141
113 114
113 148
113 156
113 125
114 200
114 170
114 140
114 142
114 150
115 144
115 117
115 127
116 156
116 117
117 128
117 129
117 130
117 131
117 132
117 136
117 138
117 139
117 143
117 144
117 145
117 146
117 156
117 175
117 181
117 185
117 199
117 118
117 119
117 120
117 127
118 128
118 130
118 173
118 144
118 178
118 182
118 119
118 120
119 129
119 130
119 139
119 132
119 165
119 176
119 140
119 144
119 164
119 127
120 176
120 127
121 125
121 172
121 126
122 125
122 126
123 172
123 178
123 124
123 125
123 126
124 145
124 125
125 128
125 129
125 130
125 131
125 126
125 127
126 149
127 129
127 133
127 176
127 170
127 165
128 129
128 133
128 170
129 130
129 133
129 176
130 133
131 132
131 133
131 138
131 140
131 157
132 139
132 140
133 164
133 134
133 135
133 136
133 169
133 171
133 165
133 168
133 166
133 167
134 135
136 137
136 139
136 140
137 142
140 166
140 146
140 143
140 144
140 164
140 168
140 156
140 157
140 158
141 148
141 149
142 166
142 149
142 156
143 144
143 152
143 148
144 147
144 199
144 153
145 185
145 150
146 186
146 147
147 148
147 149
147 181
148 149
148 181
149 170
150 151
150 152
151 160
151 200
151 171
151 153
152 153
153 154
153 156
155 168
155 199
155 156
156 197
157 163
157 158
158 163
159 160
159 161
159 175
159 176
159 177
159 179
159 180
159 181
159 182
160 196
160 199
160 175
160 178
160 179
161 199
161 162
161 175
162 197
162 198
162 175
164 192
164 165
164 199
164 168
165 193
165 194
165 167
165 199
165 166
166 193
166 195
167 168
168 194
169 194
170 171
170 173
171 172
171 173
172 200
173 201
173 174
174 200
174 189
174 190
175 195
175 181
175 199
175 176
175 178
175 179
176 199
176 177
176 181
178 182
178 179
179 180
181 182
182 200
183 184
183 185
183 186
183 187
183 189
184 187
184 188
184 190
185 186
187 188
189 192
189 190
189 191
190 193
190 191
191 192
191 193
192 193
192 195
194 195
196 197
196 198
197 198
197 199
198 199
